400
219 229
176 230
294 183
210 161
266 286
171 243
239 266
212 151
127 337
264 260
224 225
118 166
215 154
218 113
285 213
276 181
155 28
258 289
279 196
287 284
85 244
207 252
131 221
119 146
147 189
268 213
163 351
254 171
226 182
247 259
102 172
169 210
130 95
68 246
185 170
139 272
277 343
158 212
261 100
216 216
163 217
202 334
317 171
170 213
148 276
292 188
192 188
161 98
254 79
142 60
307 221
258 131
137 193
91 131
257 219
228 231
207 227
228 248
231 261
145 332
203 95
164 190
263 181
274 128
94 128
93 254
208 178
85 76
121 230
314 60
83 191
168 183
389 108
201 220
74 279
173 172
319 247
149 315
184 225
128 29
244 237
155 180
167 242
21 292
120 129
80 341
251 247
282 223
89 221
272 167
202 271
193 189
362 160
295 104
317 166
100 247
190 331
229 81
187 101
1 169
119 353
218 212
162 174
216 81
200 236
158 256
113 203
122 207
271 188
171 224
275 191
281 191
53 287
175 103
174 122
257 346
263 371
216 83
216 60
43 109
304 159
178 290
215 208
197 319
226 274
248 168
309 80
193 308
213 310
267 384
141 150
253 253
285 245
257 149
131 123
116 186
219 154
46 202
305 388
332 328
67 150
202 133
82 177
230 61
188 250
287 73
239 228
248 95
282 234
297 227
200 399
207 216
121 59
110 294
77 274
235 184
145 32
121 135
129 380
123 298
245 203
158 88
177 241
223 350
214 94
236 253
211 310
297 166
202 206
289 85
317 53
346 151
184 225
116 187
370 178
136 343
168 342
135 253
207 146
70 101
3 162
160 221
138 261
150 307
365 145
1 103
48 200
199 109
270 341
129 324
95 144
189 99
225 168
186 99
139 151
54 191
191 162
323 196
288 67
167 131
178 376
235 271
248 261
215 127
174 225
241 224
173 203
236 243
245 327
212 223
187 274
240 361
321 210
277 290
283 186
242 314
113 118
167 226
291 232
51 182
277 251
209 253
255 362
145 106
186 162
261 188
197 218
307 320
1 354
173 229
113 400
203 5
327 243
233 140
117 165
186 250
220 221
172 94
255 153
364 319
104 264
148 159
111 171
56 258
101 61
91 194
97 169
201 287
216 135
221 205
207 346
16 115
288 245
196 223
257 158
136 212
185 303
225 222
203 90
150 279
224 157
111 206
271 225
80 197
137 246
117 269
257 273
268 205
125 282
145 283
132 215
180 247
91 127
242 206
250 157
211 195
78 341
250 125
217 227
190 245
257 84
386 186
63 265
164 268
155 212
272 337
154 249
162 120
276 153
147 221
97 171
215 135
22 159
176 188
160 370
141 151
205 338
75 147
256 255
299 194
242 324
202 332
123 185
200 257
120 231
234 229
254 121
390 384
243 126
192 265
162 190
152 117
193 322
348 73
229 184
364 130
144 199
93 212
131 214
137 192
168 105
228 254
165 391
288 185
286 193
207 223
139 5
155 240
177 265
171 149
189 323
195 164
215 108
228 223
231 371
229 94
123 103
258 144
323 71
224 227
84 291
216 239
186 147
102 168
150 70
258 185
118 215
167 266
67 79
46 193
123 240
100 177
124 286
237 314
312 130
233 101
236 276
192 189
184 362
217 146
246 192
91 165
173 194
241 101
178 156
199 336
240 68
137 295
202 237
190 260
260 152
398 169
214 234
139 156
171 118
44 28
228 214
113 289
226 194
6 157
126 65
207 242
158 170
300 175
211 329
296 196
305 148
1 194
303 160
175 277
182 331
118 161
177 163
223 36
248 157
232 276
244 171
225 209
197 126
224 147
230 214
165 146
42 320
165 274
82 188
157 291
158 155
178 129
286 176
178 202
108 213
1 110
281 122
99 361
201 188
196 232
316 248
146 256
246 117
257 235
116 281
229 125
147 271
266 187
202 223
231 111
269 270
224 200
235 224
308 170
226 193
161 198
211 174
208 124
178 223
147 234
219 243
285 102
100 222
150 182
301 375
89 125
400 67
266 260
150 225
203 122
225 147
128 289
293 207
182 191
275 256
119 293
208 40
369 174
239 35
149 105
178 233
219 290
247 274
199 174
290 340
211 54
226 226
38 179
323 237
218 287
280 251
175 231
236 182
134 97
147 373
111 181
203 155
202 164
223 129
165 118
110 282
262 239
226 163
150 202
249 82
236 153
237 199
178 177
307 311
245 170
237 385
243 161
257 212
195 110
257 208
186 222
187 251
209 125
264 270
210 204
137 136
269 265
40 35
321 73
350 192
183 251
69 188
217 172
228 233
183 157
115 321
153 352
324 243
199 217
179 177
255 179
30 116
170 197
164 231
245 213
329 281
225 181
143 113
273 290
73 209
252 328
85 190
254 176
81 341
233 237
150 170
64 290
177 268
114 187
271 82
183 190
143 201
232 303
174 303
358 137
280 12
175 271
315 187
172 198
251 177
297 59
175 195
152 223
146 263
109 280
85 260
269 200
324 218
245 1
352 164
212 217
314 267
270 183
207 297
215 279
106 170
252 115
213 280
213 224
188 278
179 166
189 248
173 177
320 317
171 150
217 250
105 91
290 193
194 129
189 162
257 159
211 11
227 148
87 294
242 232
334 225
260 247
353 199
151 146
228 400
255 400
225 243
146 174
390 200
207 142
177 224
266 236
305 204
148 165
215 89
163 76
173 207
164 149
216 315
224 280
170 114
343 39
210 321
268 197
8 190
93 154
330 267
205 1
217 107
238 244
176 175
145 232
333 182
244 53
210 57
99 187
303 170
80 136
140 321
174 245
246 20
349 203
133 154
320 52
207 191
235 163
232 222
262 95
238 213
146 195
212 225
95 206
400 96
202 321
51 242
275 221
170 85
118 125
286 164
270 209
214 280
305 351
126 172
200 101
216 273
231 164
173 195
177 333
331 240
193 93
160 58
170 229
156 187
224 180
248 315
323 269
329 120
194 141
315 85
155 298
128 134
102 49
367 58
129 254
239 294
213 160
133 137
234 237
186 223
191 190
118 357
256 209
110 102
128 280
218 110
191 296
129 310
185 243
1 243
139 286
144 146
225 203
203 137
172 203
244 95
166 309
105 111
296 167
320 114
249 333
325 338
379 91
260 341
240 270
176 145
64 333
249 103
93 230
123 112
133 237
254 201
145 128
117 188
316 166
367 318
291 130
60 14
34 177
169 173
55 155
26 13
213 150
171 145
222 110
311 109
232 133
136 186
150 349
261 247
216 250
262 300
290 156
242 233
362 156
122 105
259 142
216 186
230 149
287 247
213 91
164 115
170 227
191 295
169 245
193 168
244 202
150 314
76 368
99 285
205 193
232 170
176 276
110 240
52 101
193 186
237 160
212 150
242 151
73 155
251 299
150 281
142 296
364 225
3 141
361 126
98 73
316 178
281 109
231 251
273 23
188 152
6 191
244 181
283 173
268 139
189 236
220 346
176 252
183 170
188 78
94 116
241 167
43 120
288 182
34 286
240 252
271 179
68 218
97 191
213 251
193 229
209 179
197 271
316 118
250 265
85 144
188 151
293 233
190 168
67 159
163 32
95 282
143 94
189 172
292 300
191 182
251 230
97 261
268 249
288 270
275 102
210 202
43 142
134 253
