200
119 146
74 86
141 153
116 71
89 59
60 163
117 56
142 80
133 46
122 46
123 109
82 83
139 43
104 79
85 154
65 81
103 59
107 89
62 79
144 160
53 59
117 82
140 86
66 62
102 146
146 110
134 89
147 123
89 111
127 50
111 54
109 89
128 109
98 155
105 65
152 116
117 133
89 70
58 75
41 77
170 114
104 71
81 123
5 70
130 173
111 20
146 145
89 139
1 57
23 34
148 69
117 120
117 81
57 9
43 146
159 113
120 68
105 79
99 144
98 127
70 79
59 86
80 122
138 40
60 138
44 74
107 162
77 61
150 129
145 136
148 183
140 91
34 106
90 113
128 90
86 138
76 104
70 98
81 132
67 134
79 95
65 93
104 175
77 105
44 128
102 121
141 169
124 92
161 164
100 128
51 89
48 132
105 200
113 136
108 109
118 111
128 116
95 137
75 66
146 81
75 156
75 139
118 131
110 44
84 92
134 76
105 89
154 79
35 102
102 75
132 86
106 114
120 153
85 18
131 125
163 98
99 105
125 128
134 144
129 8
168 90
111 85
112 55
45 81
86 138
45 60
127 107
132 104
118 49
67 175
64 1
122 200
131 53
197 68
72 21
57 106
107 52
108 110
31 117
102 143
85 137
157 133
110 41
114 42
141 158
68 159
120 96
53 71
164 112
67 118
82 64
105 151
107 85
70 122
50 131
141 104
139 13
129 111
146 125
84 108
83 72
139 34
34 90
132 138
104 124
71 98
128 119
83 83
131 138
53 77
119 93
57 3
119 111
70 86
97 112
132 79
86 106
116 133
98 141
134 106
63 128
93 58
158 69
75 143
163 118
111 122
151 108
100 140
95 102
89 114
200 107
129 92
102 187
126 181
164 58
132 75
87 77
118 141
42 101
172 102
64 99
65 99
88 102
120 108
127 20
91 157
77 26
75 108
70 143
173 52
109 110
143 109
33 93
162 90
136 104
62 55
139 47
65 80
102 80
142 141
143 1
129 26
70 130
44 108
115 14
103 128
51 86
176 175
74 95
112 39
85 56
97 159
22 106
133 43
103 92
27 82
83 87
155 78
110 1
147 63
61 128
70 155
99 62
118 71
132 130
71 134
51 119
24 82
54 114
88 107
106 165
93 139
64 90
170 139
89 78
112 47
148 121
57 74
88 109
153 74
50 117
124 150
162 113
161 47
178 44
136 147
70 89
156 41
174 57
94 120
77 168
118 135
108 80
105 94
6 143
71 142
180 159
48 52
107 71
110 88
60 91
149 105
66 35
95 108
114 200
65 78
93 112
74 100
112 91
117 153
46 61
73 90
56 16
128 164
158 74
123 86
108 97
148 98
76 143
150 72
144 12
109 138
94 77
165 152
56 106
65 78
104 53
94 123
61 155
94 54
106 72
1 110
117 116
39 60
130 200
181 52
43 116
97 109
86 151
117 116
58 131
86 81
114 159
114 36
134 67
72 97
132 92
131 96
53 70
115 98
77 115
56 101
65 103
131 96
106 99
113 81
80 94
87 102
86 25
127 104
104 114
119 82
134 121
142 117
143 61
130 92
66 98
74 121
71 36
85 28
90 11
35 69
61 67
122 146
119 136
188 162
92 42
36 17
117 10
161 100
98 71
125 71
39 63
142 80
140 104
111 77
34 102
92 102
35 122
87 51
22 98
95 51
177 91
93 110
158 36
80 146
152 24
175 4
76 80
131 175
104 86
73 126
136 88
100 53
163 120
75 87
59 105
56 133
132 57
107 200
133 170
125 57
74 87
85 73
165 7
71 51
163 81
13 1
58 130
97 144
