350
180 65
123 225
128 180
91 159
61 197
145 227
106 45
257 236
153 127
160 189
181 7
226 171
38 172
66 196
77 350
172 73
141 168
216 193
175 156
115 171
259 152
196 249
258 253
74 125
105 89
113 215
157 232
261 174
206 144
112 133
207 105
253 219
194 261
307 188
172 182
304 171
106 305
246 12
226 144
234 71
280 167
190 124
132 173
206 142
233 177
217 223
220 211
154 102
217 165
237 153
59 339
145 140
233 209
165 147
143 283
169 194
170 272
142 278
184 160
216 314
209 123
292 208
304 172
186 147
90 78
193 174
138 229
336 230
128 250
1 333
77 226
109 195
47 257
229 223
117 72
47 150
129 158
177 94
118 251
267 266
228 209
303 272
219 166
197 225
141 15
87 106
221 127
110 169
102 298
121 137
164 283
158 201
66 171
249 142
189 290
151 187
192 181
237 171
201 216
172 172
135 211
257 171
218 290
241 163
171 62
174 236
83 233
130 182
183 281
193 85
211 328
109 196
223 176
189 115
235 127
139 170
246 72
230 204
186 245
149 199
267 173
237 196
263 205
159 49
225 250
231 198
183 133
134 173
145 182
90 193
154 145
207 132
147 1
60 307
31 159
70 178
228 151
256 191
182 201
261 232
206 158
278 65
64 123
156 183
195 253
243 285
130 254
51 207
60 19
68 171
269 130
91 24
211 306
160 207
293 110
107 299
305 205
194 92
172 56
289 292
179 184
235 209
235 174
266 134
213 82
222 243
89 88
84 1
166 66
97 135
217 260
98 251
297 154
113 231
222 256
203 55
154 102
150 188
286 162
154 62
194 156
25 164
235 147
202 137
335 94
199 149
45 58
201 345
143 291
89 186
115 170
183 251
152 150
181 146
137 82
225 244
171 270
193 205
170 102
76 195
55 340
158 137
226 242
193 202
193 85
140 126
1 144
191 116
41 52
124 235
139 259
128 202
339 146
147 79
228 210
195 1
149 113
94 138
231 193
141 141
143 276
219 88
301 251
7 119
115 129
323 83
39 234
166 214
206 102
102 194
113 101
186 112
172 139
241 162
13 140
84 79
266 151
276 119
264 62
145 195
119 167
134 191
174 58
239 350
76 203
249 140
87 46
165 206
168 190
202 146
274 186
133 140
173 209
128 246
260 177
230 170
225 163
80 79
323 144
138 118
281 9
143 172
251 88
106 154
107 162
81 120
174 156
106 191
106 250
239 313
224 46
285 257
100 180
244 329
269 246
177 238
1 155
150 250
177 350
193 265
134 201
204 143
233 104
129 135
255 127
268 23
74 181
162 195
60 222
190 260
191 231
243 210
208 114
178 261
1 179
201 139
157 89
92 173
120 120
267 203
130 111
126 150
273 1
50 90
132 127
294 171
126 122
180 230
148 242
144 196
184 129
66 107
194 55
315 253
177 151
302 350
184 202
224 168
128 126
123 104
276 99
93 272
215 110
105 105
242 288
129 195
116 199
114 265
103 209
208 121
212 244
114 238
166 137
175 156
255 195
158 142
169 208
217 280
236 152
284 210
225 211
208 118
119 256
163 206
247 174
300 240
210 154
47 209
84 190
158 57
157 209
337 274
137 255
199 67
182 164
20 206
191 226
216 158
191 118
126 139
267 147
200 270
196 309
179 207
229 70
167 350
121 106
187 300
212 149
144 59
137 245
186 169
320 181
143 180
219 311
82 97
225 136
157 181
132 115
26 289
230 189
193 175
183 144
302 256
193 146
156 192
169 208
161 67
142 350
114 174
162 179
175 89
199 214
183 242
206 231
69 44
108 225
241 220
80 110
236 178
233 87
95 134
226 105
69 182
113 188
184 263
112 25
186 125
166 122
51 257
58 220
198 91
207 128
18 231
228 316
209 126
255 134
287 32
142 127
168 122
129 209
219 187
212 152
50 264
194 204
145 92
161 152
161 130
93 170
145 216
271 203
69 276
130 87
154 244
123 148
168 311
307 135
62 323
75 217
187 113
121 233
185 204
240 194
115 209
162 171
190 162
196 1
141 202
89 175
151 151
184 18
167 94
156 238
106 226
200 111
87 235
148 36
170 161
225 312
222 193
100 230
149 253
226 212
63 268
197 62
215 22
129 166
157 95
122 192
224 222
117 235
219 194
150 165
124 262
89 186
192 188
197 219
197 135
58 213
158 253
155 231
156 145
140 63
161 103
158 176
35 170
181 239
155 288
81 205
149 217
192 335
222 131
56 106
241 201
126 91
161 131
145 228
146 16
55 149
276 201
171 137
180 140
208 119
171 244
184 119
172 219
59 128
45 166
44 275
203 184
190 220
133 160
267 175
225 172
228 134
134 176
138 128
52 225
188 327
249 225
160 148
63 171
145 267
164 305
223 213
155 102
336 95
33 146
216 188
127 194
236 80
184 192
58 138
133 255
228 250
272 142
201 228
89 166
266 229
185 64
154 164
167 271
83 306
149 177
205 141
302 155
105 259
197 191
136 315
176 68
197 160
134 137
256 287
252 197
311 262
268 242
119 221
153 198
184 265
287 116
133 162
108 133
103 238
57 80
220 132
225 165
219 199
183 239
172 131
181 195
283 193
134 188
86 109
59 163
172 153
231 196
129 234
238 182
69 277
141 159
198 248
167 178
172 134
178 253
169 159
87 56
153 197
226 68
172 164
146 103
272 312
232 55
278 279
105 122
124 350
243 83
112 229
100 145
199 218
172 224
179 275
119 150
173 208
158 186
203 231
97 228
239 84
165 264
94 267
232 177
131 88
224 137
100 143
181 207
89 147
146 185
189 210
118 103
274 78
139 156
145 271
158 35
243 117
165 306
150 174
153 307
142 171
202 256
156 196
119 69
209 183
167 134
86 169
250 159
195 214
167 176
144 122
170 169
130 209
152 294
125 303
102 1
83 121
266 139
142 103
106 138
110 131
218 219
157 258
218 194
157 174
280 250
122 111
208 244
183 220
268 168
62 287
59 201
252 323
144 254
84 264
205 112
179 82
249 99
88 223
197 233
62 190
146 209
251 158
157 176
48 248
285 179
258 212
178 251
271 158
245 193
151 83
274 76
94 274
241 186
122 157
205 299
347 201
166 196
150 129
110 266
89 223
144 206
324 242
177 146
100 126
224 125
119 64
156 164
149 86
219 83
293 210
1 227
244 303
128 106
