450
180 107
258 246
102 141
245 114
77 270
339 365
244 126
135 203
209 366
365 255
360 338
263 140
290 183
381 204
145 195
211 328
159 170
107 180
290 223
126 211
128 1
328 324
191 311
195 321
130 184
357 201
178 68
211 246
227 225
213 252
266 343
161 130
138 271
368 221
104 106
133 248
225 186
163 57
210 294
288 329
268 146
337 274
181 388
206 264
254 303
340 135
179 288
268 64
181 105
218 275
325 164
176 182
274 273
168 230
287 160
280 179
255 125
372 227
145 199
283 136
286 154
206 211
290 104
241 220
231 130
241 370
199 59
180 159
233 239
132 141
428 375
26 295
127 210
177 214
241 154
346 250
345 236
243 141
241 220
185 336
229 262
366 277
208 153
222 189
105 252
157 164
179 255
224 208
225 247
109 208
325 269
386 114
307 281
263 189
275 271
278 313
208 162
95 181
158 200
158 209
234 313
206 188
1 207
373 246
206 147
255 178
311 113
197 358
271 115
94 1
192 360
244 103
315 196
107 246
211 292
244 212
167 201
243 124
220 59
168 247
168 384
215 217
225 76
402 142
140 88
1 349
397 157
145 212
299 88
210 373
372 281
249 238
275 186
155 259
114 134
359 219
284 195
374 346
206 146
209 259
147 383
195 305
93 218
209 146
249 155
272 48
380 145
244 201
93 288
273 139
219 367
114 251
255 262
103 285
171 197
235 305
179 263
274 348
234 333
203 279
229 197
230 232
336 305
212 145
219 141
223 271
313 99
158 102
174 284
123 337
450 107
150 203
93 81
240 450
233 208
139 270
364 265
450 241
399 166
207 96
180 205
225 158
53 193
265 62
171 302
152 294
304 296
289 358
258 249
224 49
319 151
211 183
240 232
91 284
278 251
107 210
204 275
293 221
152 326
238 6
359 151
205 249
70 318
376 186
364 273
245 110
181 81
211 45
195 174
80 146
211 225
158 156
407 240
46 189
291 336
344 199
304 112
245 299
281 130
372 155
90 235
223 353
142 217
248 220
200 167
8 155
328 186
225 236
147 330
276 363
182 243
372 184
154 134
369 320
181 252
361 195
210 156
188 324
309 302
214 215
164 274
243 143
248 272
298 138
250 135
119 245
86 299
20 304
223 221
216 210
83 154
243 109
270 342
122 221
190 228
189 247
276 28
291 282
403 101
210 283
225 117
350 151
204 178
271 1
247 90
206 170
108 328
322 305
235 38
1 260
167 342
157 261
266 325
243 179
113 367
115 214
71 324
168 137
186 343
63 222
204 282
168 326
230 314
251 189
407 364
209 316
299 174
262 248
328 337
255 215
96 66
186 357
341 119
282 94
146 313
256 261
263 239
323 115
272 241
214 393
448 283
199 323
292 278
201 170
234 254
338 50
350 250
201 328
238 284
256 280
364 259
286 247
132 228
45 436
336 353
153 350
255 192
238 155
212 211
174 211
325 135
233 274
326 186
151 106
319 157
318 71
74 260
66 316
238 230
434 387
290 140
315 280
163 259
244 168
278 212
207 230
239 185
184 173
264 233
290 230
268 260
165 216
217 283
64 261
294 272
258 282
173 250
218 236
222 150
430 224
229 353
275 234
107 146
201 102
377 281
227 216
220 178
174 203
123 197
235 235
309 116
260 216
195 188
318 371
127 261
254 118
267 80
179 270
362 172
231 332
176 182
191 286
213 119
136 352
179 286
125 242
183 157
242 321
179 151
173 404
293 340
99 48
352 334
284 207
255 322
369 343
239 156
243 390
436 321
240 236
200 146
161 136
282 118
100 104
128 213
213 308
328 150
256 236
211 118
222 282
218 344
258 209
175 171
227 181
331 279
450 326
39 256
237 88
203 69
181 332
309 237
1 259
198 148
318 292
172 75
252 226
164 220
362 246
260 90
136 195
251 314
285 183
195 212
40 178
195 344
254 123
221 171
345 332
207 383
155 444
236 86
295 274
134 227
128 255
26 47
276 299
286 299
77 174
273 156
241 180
186 39
245 351
230 163
245 335
311 122
274 210
73 327
116 156
201 155
161 190
301 336
155 171
172 305
261 232
104 346
367 139
168 265
245 107
183 203
225 258
295 253
270 290
262 184
212 257
135 376
265 190
218 255
167 144
191 264
179 219
194 81
208 130
173 297
221 218
128 213
385 385
13 302
414 168
272 258
291 335
208 306
317 166
325 309
287 135
133 87
205 216
214 148
174 1
140 169
208 183
1 234
218 151
320 217
227 145
240 72
230 251
229 200
137 218
389 211
379 281
100 137
150 186
274 261
327 69
383 208
185 172
335 279
17 143
143 194
181 292
154 209
217 231
147 294
40 115
94 260
1 235
314 284
241 233
24 146
222 327
259 141
236 236
77 352
185 202
189 30
405 287
334 241
330 304
131 195
235 136
244 299
326 302
197 123
88 106
267 356
263 257
121 68
288 113
126 227
256 207
98 262
122 160
320 225
190 360
410 327
147 152
67 283
164 311
154 284
179 343
263 240
170 127
94 160
167 284
266 345
202 309
307 299
317 158
328 190
276 107
424 61
317 178
206 222
231 170
310 185
144 345
420 251
300 177
231 256
197 394
326 55
151 438
249 307
168 410
273 280
204 149
221 213
104 139
338 295
402 234
271 194
375 13
140 152
241 356
247 200
90 187
218 149
256 284
253 339
200 291
190 264
235 212
314 91
160 196
148 149
171 149
329 234
218 269
162 229
215 108
308 293
259 225
68 343
228 204
226 148
206 82
208 218
334 153
209 248
226 336
219 125
289 140
68 173
337 173
299 280
251 284
223 246
270 133
213 150
198 265
344 1
214 205
132 243
184 105
250 209
154 303
259 103
122 276
277 279
293 220
288 164
294 80
326 133
320 258
279 151
330 299
271 350
331 330
282 293
247 400
66 133
128 288
194 140
318 318
111 88
242 125
210 364
256 46
98 288
307 180
272 234
129 276
206 375
164 234
188 169
250 172
163 123
290 197
195 248
270 264
219 175
125 120
155 367
252 254
152 161
289 111
244 196
167 207
81 174
121 88
82 194
217 232
275 178
272 176
119 267
304 275
146 261
398 271
214 447
176 188
392 203
122 135
284 261
201 245
279 36
249 224
259 227
244 273
239 193
367 238
332 157
187 231
130 47
210 329
137 339
154 212
107 338
366 141
217 305
196 193
217 288
189 164
177 42
276 283
331 350
110 169
261 189
309 243
348 197
165 39
265 152
441 133
109 238
207 293
97 261
88 164
247 277
247 119
177 164
199 355
217 205
326 332
177 111
148 1
178 343
77 109
129 110
222 342
139 302
201 201
222 177
199 71
155 180
386 220
106 133
344 327
245 264
249 270
105 336
342 219
241 328
201 200
164 450
117 138
298 65
185 217
310 54
39 227
175 166
276 194
93 279
313 125
125 240
230 46
198 216
148 221
211 329
300 204
334 250
250 450
283 277
267 325
239 257
298 444
66 171
281 238
141 275
326 249
120 291
314 172
143 322
297 138
202 252
87 164
159 113
289 313
383 168
195 280
291 291
76 162
261 141
305 241
173 168
247 135
259 232
317 165
304 224
253 267
232 254
139 218
226 124
266 201
167 68
233 368
182 197
169 262
429 251
393 204
241 184
196 340
384 195
320 198
375 287
120 240
215 219
107 1
48 119
328 53
295 195
308 427
232 335
186 177
118 155
116 145
350 217
129 304
43 258
170 144
216 310
321 133
250 354
194 58
123 305
98 96
286 219
76 423
280 307
194 368
290 320
165 405
128 243
180 84
208 308
86 225
319 245
110 290
305 301
45 184
203 223
91 237
413 184
346 435
264 295
223 277
108 309
275 275
301 267
218 202
316 365
282 194
351 269
235 313
93 291
182 169
215 164
115 188
299 351
175 144
226 240
189 148
266 144
132 287
234 127
172 85
299 48
215 88
334 243
247 267
53 244
74 223
219 273
291 129
321 157
271 204
188 311
164 318
177 62
83 162
223 259
375 106
258 205
353 279
261 38
320 169
214 65
445 308
168 237
354 301
144 355
249 85
227 287
65 179
161 129
249 218
351 232
225 305
247 413
199 344
179 406
450 247
