150
61 59
71 68
42 25
78 60
119 66
67 30
66 94
49 52
48 31
90 74
111 88
109 106
62 86
120 42
58 124
14 91
66 83
105 105
60 90
57 61
142 69
82 77
44 34
33 123
66 15
41 68
101 84
122 48
62 71
111 35
46 65
77 76
71 56
46 68
98 50
66 80
109 45
49 56
122 88
59 74
83 100
128 75
81 129
78 63
42 38
11 78
9 58
91 99
80 83
127 94
61 131
28 79
98 35
45 112
43 80
57 26
113 20
24 78
147 76
79 18
87 119
81 75
69 92
71 119
38 101
43 82
138 31
84 87
79 88
14 70
67 78
101 111
84 27
109 83
60 35
113 58
117 75
18 83
47 80
107 91
77 74
52 60
80 19
110 1
94 100
64 60
40 104
52 78
63 80
24 39
102 65
90 103
54 101
89 80
70 81
51 52
92 110
54 46
131 43
122 54
50 101
97 78
62 48
74 71
61 72
40 68
109 54
98 66
107 76
60 66
64 73
89 118
99 52
93 91
77 71
140 100
101 125
41 79
58 88
89 83
65 79
36 128
61 45
114 59
57 41
113 107
83 94
116 81
35 59
56 94
48 98
86 70
97 56
25 84
112 42
53 63
16 68
49 89
1 37
41 63
89 56
132 88
87 44
84 75
39 62
150.0 112
79 43
81 67
9 60
82 46
124 120
90 97
105 93
63 65
12 74
22 32
104 59
78 100
55 45
137 76
65 87
108 62
84 75
110 81
32 69
91 27
93 58
91 12
74 72
82 60
66 102
92 117
132 91
62 53
74 89
18 46
60 60
139 54
102 22
40 35
49 120
45 74
96 62
91 88
76 21
56 27
46 48
102 95
92 130
129 79
85 88
88 3
24 78
86 49
79 102
40 102
78 81
117 84
50 90
96 117
84 61
73 67
100 39
78 43
56 102
101 42
88 117
76 104
61 70
61 82
83 98
106 60
26 25
89 45
90 63
83 52
107 55
35 90
20 63
48 104
126 79
103 68
75 81
67 67
45 103
46 101
66 102
89 86
77 55
58 46
63 97
33 77
96 15
56 110
82 50
49 85
97 97
97 66
84 71
85 54
65 70
82 104
104 33
82 41
106 82
57 29
109 7
71 51
149 102
52 31
59 39
69 96
48 65
21 150.0
86 42
87 80
81 59
1 89
109 80
82 74
80 43
11 73
57 127
63 115
144 83
84 21
112 8
67 81
101 88
127 78
77 83
66 65
84 61
64 92
72 53
25 65
24 51
73 56
92 89
68 138
75 70
106 77
3 95
56 43
50 14
46 22
56 61
33 127
78 109
32 66
64 86
72 46
61 85
102 28
85 57
59 69
78 38
33 68
91 86
47 87
