250
85 49
137 107
135 88
101 211
105 94
114 138
99 63
71 208
171 75
100 125
120 125
163 125
97 86
144 49
74 61
115 159
110 206
128 164
92 111
86 104
22 164
208 44
66 102
162 105
115 160
80 54
165 112
119 86
80 147
161 174
177 94
32 118
162 177
97 165
137 43
134 209
136 68
111 138
66 83
235 152
137 189
27 188
235 23
173 133
111 81
151 72
176 178
121 143
139 68
153 204
21 48
101 169
126 235
163 47
84 169
152 22
144 56
97 81
65 246
182 134
161 59
160 119
250 128
134 73
179 77
111 109
139 103
62 173
102 84
77 114
96 85
88 83
121 106
179 130
180 98
91 96
130 177
26 47
111 200
68 177
128 128
140 205
72 177
173 110
95 61
142 8
129 98
166 1
142 172
192 158
86 131
250 97
95 59
153 188
178 118
73 145
237 173
120 209
104 79
169 82
1 192
191 186
120 47
189 97
171 101
189 83
43 105
70 90
170 109
111 99
161 213
161 159
80 94
189 156
179 145
107 141
148 195
132 120
174 9
32 117
94 158
150 224
116 191
168 115
153 105
122 109
109 142
112 204
161 142
92 66
1 190
34 165
134 250
130 152
158 130
117 37
191 95
98 148
115 16
153 59
56 89
160 144
183 96
111 99
96 49
136 105
80 206
103 200
63 93
91 87
68 40
116 118
94 171
129 83
170 184
166 136
99 205
103 108
99 112
204 121
113 139
72 123
162 109
151 72
160 136
103 83
158 174
98 102
120 168
139 65
171 103
138 165
93 157
159 186
85 153
145 176
114 92
75 179
101 62
47 128
123 32
104 156
35 107
161 144
132 126
105 94
97 4
84 132
116 112
213 122
94 132
235 82
105 66
121 131
124 137
85 89
123 143
28 158
153 97
176 34
41 139
207 152
124 1
94 156
90 124
73 88
75 95
119 197
178 137
150 95
250 131
78 114
111 49
37 158
67 107
56 210
149 212
197 147
131 162
104 136
102 179
86 127
88 71
57 133
155 157
66 40
94 219
106 226
157 100
209 158
164 160
89 163
153 130
124 98
164 138
88 250
89 150
90 65
137 110
118 43
155 94
68 168
217 150
206 133
157 133
120 108
188 185
47 74
127 151
68 141
141 82
168 47
51 53
168 217
141 121
137 137
163 113
56 197
231 236
190 189
77 72
95 22
90 188
102 63
124 168
122 106
64 96
164 23
123 170
136 93
112 182
162 196
46 115
124 62
152 131
59 70
137 107
134 205
137 105
160 50
172 185
185 117
229 105
44 96
78 116
175 109
42 147
164 159
40 144
157 44
97 171
209 232
173 61
60 183
192 163
125 190
126 65
111 65
51 195
96 117
83 171
81 68
106 73
200 55
68 118
169 153
131 96
195 214
25 88
153 122
167 150
91 162
171 69
227 158
171 204
69 138
146 213
118 148
44 107
186 161
155 95
155 119
77 123
69 185
152 157
68 64
123 143
132 146
189 65
83 130
60 100
167 172
80 163
152 210
115 139
51 165
68 186
194 139
180 161
135 108
80 140
156 164
95 179
186 83
67 83
180 151
240 79
18 120
68 48
185 164
64 117
168 100
165 37
95 146
40 75
112 215
167 84
95 110
138 163
151 66
98 147
184 125
180 59
156 122
228 114
188 162
49 139
155 80
171 109
81 56
150 160
164 122
89 120
35 100
105 116
156 163
208 77
200 150
62 102
114 77
114 192
158 54
91 128
115 57
142 39
199 80
165 158
110 123
150 121
97 18
176 172
151 116
111 127
183 133
171 107
112 57
118 43
135 127
73 67
71 84
94 52
9 155
85 89
125 71
20 74
242 120
136 99
96 167
130 93
244 145
134 105
154 61
154 99
95 159
210 186
92 140
113 115
140 128
114 178
70 104
26 124
178 117
142 146
88 151
179 109
201 151
126 227
139 151
109 95
92 204
149 104
110 187
98 81
168 124
143 150
99 209
187 105
29 107
40 210
107 114
203 171
156 146
90 148
2 57
91 116
71 135
225 98
100 149
75 140
79 65
250 63
136 133
122 166
137 185
177 79
77 58
44 159
118 103
250 230
114 152
154 120
247 139
105 128
111 85
104 141
94 148
46 148
138 144
68 116
155 150
166 127
108 141
79 57
56 62
119 96
199 104
121 57
119 85
230 93
138 49
146 109
134 60
169 124
200 141
69 185
82 221
80 215
119 175
178 66
149 31
93 181
7 49
206 72
157 191
129 133
204 115
83 114
139 90
154 30
124 107
