500
168 271
289 164
266 306
80 269
146 348
349 142
326 407
271 300
33 110
53 368
337 273
356 248
140 296
143 200
108 343
270 245
203 360
161 78
223 373
88 323
96 333
115 181
229 68
292 285
83 201
248 198
254 64
46 201
359 370
124 235
1 365
273 378
376 401
145 374
151 308
199 243
139 180
395 31
169 266
303 203
388 112
293 411
136 278
338 365
152 282
230 213
1 287
181 333
264 100
362 331
180 199
274 269
328 344
164 284
321 220
275 272
164 177
344 199
268 393
241 128
262 305
198 140
398 333
128 254
313 350
226 148
500 126
72 282
180 339
199 263
260 105
232 292
132 264
331 327
346 230
93 276
220 111
225 250
180 148
164 195
264 338
333 1
21 322
313 132
141 80
20 328
238 245
179 282
169 414
236 306
259 189
110 15
322 327
218 185
126 414
353 264
211 306
403 139
167 262
249 419
219 248
127 247
273 331
253 221
161 172
21 235
411 274
363 260
404 202
112 394
319 428
293 235
164 192
457 268
60 226
327 291
160 235
1 385
312 168
222 168
166 296
153 292
275 457
455 231
183 302
299 308
273 162
334 173
88 343
349 90
326 294
201 244
333 279
172 56
284 495
307 209
241 26
383 106
167 221
265 225
202 253
349 440
359 102
1 349
441 360
252 398
156 198
442 153
140 139
236 263
336 282
241 311
357 154
59 265
345 298
326 158
318 219
333 78
118 74
143 290
352 329
132 226
365 371
323 282
202 235
214 183
266 105
205 365
113 226
131 284
261 224
355 224
101 272
215 288
435 242
257 115
257 248
165 319
138 121
283 197
65 173
355 168
206 152
207 231
210 349
244 179
162 279
168 255
195 292
373 313
145 387
259 402
141 200
403 121
196 247
279 129
245 418
80 216
158 221
301 354
324 300
499 115
148 222
128 213
327 352
239 333
368 180
406 324
328 278
222 270
364 182
488 170
231 240
184 318
301 291
237 334
212 285
273 351
323 225
324 265
260 127
221 358
323 1
389 197
383 335
289 394
342 256
193 226
229 179
221 359
227 241
181 201
155 348
88 236
189 130
263 219
242 264
299 53
256 355
371 29
371 175
244 299
161 278
322 461
379 91
247 161
290 273
351 152
335 349
243 232
453 300
184 250
141 118
328 256
447 214
283 125
177 235
398 260
136 295
208 30
145 321
266 123
271 258
190 413
334 210
315 178
184 117
500 90
317 374
365 310
292 325
288 57
214 1
280 196
292 178
142 328
431 231
315 268
184 312
83 136
165 214
135 162
244 174
250 260
271 376
162 343
314 184
284 248
257 168
49 241
321 444
341 175
297 390
163 447
385 388
200 202
263 246
138 359
369 300
115 265
57 318
413 312
251 300
166 193
137 175
227 258
365 223
186 125
293 334
370 263
449 411
365 129
214 283
157 232
129 500
268 47
152 237
500 390
414 173
210 192
216 303
500 81
193 220
284 373
187 259
163 113
368 275
128 282
86 266
293 339
206 186
297 260
289 283
489 331
364 281
334 236
268 282
172 321
185 1
391 24
203 385
276 263
226 117
179 330
420 287
49 179
205 255
342 299
185 324
289 201
309 173
335 266
345 92
220 82
229 328
229 192
170 312
275 331
166 102
442 279
389 203
388 254
141 245
129 220
258 331
205 195
70 225
211 124
151 371
258 17
334 253
152 373
182 216
166 340
474 1
166 365
24 392
337 375
423 91
354 407
265 172
360 339
85 402
231 227
228 304
175 262
386 105
165 214
412 126
241 428
186 413
337 79
266 240
29 178
333 422
279 363
227 243
233 283
221 345
305 244
284 159
241 262
339 330
356 53
255 223
377 324
216 72
243 180
183 379
103 206
262 261
160 314
249 225
396 57
90 237
165 142
205 201
243 186
204 198
221 306
299 374
173 378
232 336
255 331
381 246
214 254
200 126
203 277
74 351
163 84
355 362
289 234
195 255
210 221
183 86
250 277
481 392
117 263
261 440
215 265
128 246
282 240
343 236
322 500
246 159
79 264
293 172
399 193
205 214
329 266
341 342
260 279
186 255
316 160
102 254
286 243
258 250
224 347
261 395
185 271
221 257
268 190
267 346
238 227
261 375
290 193
372 407
287 127
329 302
251 125
233 159
337 390
1 401
374 290
82 390
228 219
249 308
251 305
116 255
271 371
352 231
185 301
85 266
421 259
321 327
151 187
164 431
90 455
194 121
215 309
170 83
275 319
160 153
254 296
215 224
380 197
180 186
375 309
180 472
301 245
349 207
122 327
354 251
239 59
85 344
300 224
272 180
175 174
353 187
398 218
365 179
107 238
245 393
360 349
280 382
345 270
281 233
246 294
435 206
1 190
198 165
200 275
304 255
338 224
326 172
250 192
355 219
193 355
282 301
304 188
278 164
23 374
157 361
242 271
58 322
195 126
88 339
209 213
212 155
322 280
230 236
303 499
107 347
237 278
206 177
179 382
192 277
185 181
413 328
500 406
267 96
168 290
390 324
304 437
163 445
224 220
237 73
271 408
144 161
230 186
236 500
359 72
111 228
156 356
392 188
198 295
227 245
221 229
222 209
380 326
99 307
278 269
387 274
219 378
386 313
338 158
173 135
137 300
193 11
283 49
328 293
500 300
126 215
231 249
275 415
257 313
228 254
275 226
152 316
155 365
245 309
441 309
125 258
420 278
303 33
269 65
146 368
274 335
407 257
143 199
59 199
268 174
79 311
231 265
303 309
209 242
227 247
197 73
182 246
279 400
349 253
205 297
239 248
269 344
92 172
379 219
311 404
306 184
244 276
277 187
306 283
358 477
398 268
245 113
199 332
17 187
463 383
165 328
417 203
220 247
460 293
215 361
150 257
206 268
47 348
408 247
307 267
221 108
308 188
261 285
249 89
371 56
454 349
283 78
426 302
108 355
152 498
392 343
199 350
172 155
228 1
372 173
372 265
232 225
260 328
109 230
490 269
123 404
187 317
306 153
149 268
100 484
262 250
351 301
198 383
174 352
82 118
205 273
168 142
174 357
277 198
255 281
330 206
175 136
112 319
228 246
228 500
36 256
147 471
46 232
26 265
262 322
232 284
179 46
187 263
166 192
311 136
238 500
258 189
309 216
116 130
217 362
280 405
43 273
105 281
238 275
289 41
424 243
182 200
296 164
238 153
372 293
473 1
231 362
112 131
265 325
326 128
259 99
266 268
267 239
224 309
182 143
146 290
306 320
169 100
287 92
256 340
356 388
318 438
129 176
270 136
328 494
227 135
55 321
336 179
305 1
283 372
333 117
45 232
255 107
460 256
289 459
1 18
202 250
280 166
170 312
199 362
446 429
65 225
173 310
317 238
163 118
390 323
80 131
364 53
133 284
321 239
421 116
262 123
335 253
274 237
349 240
191 346
186 338
240 290
254 191
272 298
196 170
442 281
202 1
217 350
255 315
382 310
239 275
278 348
240 246
340 238
141 351
364 265
137 314
342 1
254 280
245 339
259 143
168 158
124 42
103 420
234 332
425 259
364 155
159 139
269 188
276 329
229 114
272 256
325 187
169 271
260 156
315 34
365 195
234 353
1 328
193 199
80 208
105 127
347 177
243 134
135 307
313 272
316 238
250 164
220 250
161 241
238 80
339 246
1 146
164 338
259 58
371 270
335 146
101 192
338 10
271 255
322 144
314 402
205 203
219 390
138 69
208 343
301 202
332 201
335 38
422 203
240 351
271 203
181 238
274 267
295 192
158 303
272 362
189 225
147 204
118 282
337 67
486 167
257 151
219 211
122 337
173 231
286 71
204 398
269 94
279 251
22 290
285 368
320 293
243 257
241 278
133 268
362 327
77 343
346 247
77 362
85 290
61 335
455 195
223 165
311 379
342 306
154 19
170 368
167 194
203 206
178 220
150 270
112 464
207 296
216 295
262 253
218 347
234 395
268 353
38 403
206 250
259 64
188 343
128 21
352 117
158 258
298 270
255 357
175 169
170 231
343 294
255 209
185 198
350 141
37 278
180 272
278 266
270 111
15 254
11 235
168 250
249 336
73 22
379 28
219 253
193 352
182 71
368 318
272 466
145 289
324 293
279 250
440 319
144 227
362 263
135 24
206 254
98 216
271 213
389 379
254 228
193 105
115 239
65 500
227 143
77 284
107 252
169 220
269 115
34 249
358 316
195 338
276 358
279 315
111 228
251 286
246 427
85 197
304 169
262 375
500 207
234 366
1 432
345 445
220 163
172 429
210 355
298 190
370 341
1 394
218 374
308 119
291 430
131 105
247 368
333 275
281 104
123 270
228 270
320 156
381 279
271 419
366 147
365 233
279 377
474 198
360 301
73 415
141 478
429 331
184 105
189 353
401 360
252 134
213 286
314 175
243 298
242 411
171 334
315 241
154 354
316 174
233 285
362 235
240 44
148 197
242 229
350 215
386 106
99 391
301 240
248 383
183 149
345 157
272 182
167 176
322 147
403 322
101 272
328 326
187 190
256 128
75 114
358 225
187 190
425 259
230 330
