300
197 193
225 169
158 262
192 181
168 116
68 52
187 141
157 297
224 191
1 100
163 208
195 1
224 134
151 103
100 177
219 66
183 132
92 236
82 217
201 226
223 126
188 157
159 105
213 190
109 123
200 168
187 164
172 216
160 203
102 52
88 101
118 146
257 128
143 187
94 167
93 194
127 145
229 205
137 214
110 57
14 96
88 219
89 73
145 206
202 96
158 219
55 60
110 194
177 300
123 5
210 163
207 224
116 220
202 98
131 164
119 219
234 258
184 197
171 183
78 241
33 258
136 160
150 92
102 182
156 147
136 201
153 159
139 125
221 151
228 161
163 217
101 175
177 32
98 132
97 176
43 117
163 116
233 236
74 125
195 166
143 50
105 140
130 166
215 126
230 184
236 111
103 160
109 245
159 62
98 157
193 169
225 198
251 300
164 102
187 155
198 146
208 94
219 47
165 270
92 293
180 121
148 158
205 107
289 82
130 207
172 179
298 67
170 95
141 123
145 154
210 25
163 119
246 51
250 79
132 231
154 165
212 153
98 275
175 158
206 153
109 82
186 13
61 215
198 252
141 96
208 131
163 149
125 253
116 120
86 52
260 168
120 161
129 96
150 160
234 178
101 48
89 230
205 244
165 85
136 122
71 126
118 193
147 114
90 258
136 208
109 128
106 132
153 130
200 143
130 161
261 274
187 166
64 142
199 164
80 171
170 96
172 194
86 164
130 97
58 150
159 181
164 141
231 41
47 170
29 149
113 267
50 225
238 180
166 189
164 74
142 56
116 4
185 193
228 150
246 102
115 195
53 16
177 161
284 203
146 105
161 217
163 80
167 67
158 113
115 139
181 267
139 115
102 202
88 156
154 125
51 253
183 149
131 95
105 214
144 94
130 217
165 147
190 140
122 181
124 201
106 172
214 213
168 123
151 245
261 180
89 146
166 148
174 182
266 186
107 157
161 169
233 41
86 132
126 146
92 116
28 94
247 231
221 104
140 108
86 119
137 85
97 149
86 147
179 150
102 145
169 153
192 138
188 63
221 153
261 208
217 278
48 216
157 194
108 126
204 161
191 153
39 300
164 121
155 175
124 193
103 63
51 114
82 145
177 14
203 132
115 197
71 68
207 170
252 175
83 67
156 152
99 48
252 111
184 163
152 180
214 161
167 84
155 108
121 235
221 80
168 190
175 232
103 156
224 131
188 249
90 107
112 79
83 100
118 236
115 174
158 179
175 154
204 162
129 176
184 236
133 111
131 93
155 148
260 297
297 26
297 160
242 164
113 133
108 117
112 131
64 156
219 205
96 207
199 89
247 70
170 164
187 183
186 80
166 93
114 171
157 245
88 126
174 199
26 192
170 158
164 144
73 122
232 182
105 106
144 1
143 177
130 112
99 107
147 46
194 128
159 129
187 300
197 115
153 144
162 114
89 198
194 102
216 162
81 172
207 61
181 126
156 141
297 65
26 150
124 144
187 11
61 240
136 148
173 241
237 47
132 147
142 116
91 130
182 172
126 160
159 168
152 128
157 117
286 145
107 224
159 127
192 88
184 224
194 240
123 129
216 122
174 70
118 111
113 215
185 92
199 148
117 179
169 300
147 143
53 142
154 188
119 118
180 216
79 34
129 218
212 172
169 252
239 111
188 131
130 143
232 153
141 213
149 142
103 147
81 223
125 156
131 203
176 91
106 215
148 128
162 235
138 228
183 143
78 163
94 128
157 183
231 167
96 147
187 30
150 267
96 106
121 242
172 124
181 32
188 134
30 139
60 199
243 87
146 139
122 56
228 150
234 92
192 238
41 186
121 80
179 183
136 191
117 175
165 216
166 78
121 83
167 132
236 154
200 121
227 203
129 101
258 197
181 152
150 134
132 120
141 144
171 109
181 249
64 166
191 26
116 127
166 120
127 106
171 163
231 138
167 133
74 131
60 283
1 133
275 134
58 175
137 112
170 162
138 75
129 118
232 152
98 112
22 163
111 193
109 206
224 191
220 203
123 229
201 147
78 165
69 216
169 33
147 195
59 196
190 155
118 136
103 218
144 166
219 101
109 147
149 162
93 218
155 103
144 176
228 97
262 226
149 157
60 209
156 209
209 98
103 169
189 86
195 90
64 155
179 214
76 169
141 160
57 30
243 183
134 183
254 115
170 164
158 76
134 172
82 40
182 170
200 162
90 31
57 97
188 176
180 205
133 135
207 87
119 70
154 63
162 160
137 150
253 114
241 107
164 161
186 183
42 58
184 256
125 86
33 154
101 74
220 240
89 167
74 99
192 133
164 163
103 148
62 181
85 134
125 140
96 219
125 147
124 149
154 100
171 211
241 112
181 40
222 136
135 89
211 137
134 138
157 159
198 101
21 149
80 193
48 176
140 141
204 192
143 158
188 189
107 106
167 123
78 277
91 137
167 119
244 139
128 148
137 64
153 300
186 206
170 11
191 153
136 143
199 151
144 196
190 133
143 213
114 211
165 146
232 84
140 142
188 187
146 195
155 209
220 161
183 217
171 123
166 176
122 209
168 227
291 126
182 191
30 139
108 152
201 87
113 172
183 146
239 73
160 131
138 222
120 197
233 201
62 189
8 191
144 160
54 172
54 167
116 154
137 72
81 242
135 112
218 66
222 163
95 145
125 239
172 153
159 125
55 300
195 97
158 205
247 176
125 158
245 172
103 152
156 129
1 166
220 190
60 239
71 216
198 169
