100
78 55
52 60
45 78
12 29
12 97
61 38
52 69
87 44
56 47
48 33
45 25
66 46
76 33
52 69
41 55
46 49
30 54
77 42
53 46
64 54
1 57
29 47
56 21
61 65
43 40
44 57
53 4
56 72
79 56
33 29
1 50
53 78
62 51
49 43
39 20
82 59
41 31
32 25
36 51
41 57
74 30
7 56
38 46
88 37
52 25
43 54
38 33
54 39
53 1
70 24
76 47
6 58
38 64
57 49
12 22
63 66
48 39
51 70
7 34
53 61
34 29
61 47
41 48
67 30
74 21
10 40
37 21
92 36
39 29
53 35
68 74
34 29
30 52
32 39
89 20
32 60
36 53
73 68
59 63
56 27
39 67
29 46
30 44
96 30
62 43
72 56
32 40
24 69
38 30
34 80
77 5
40 47
41 21
55 47
86 76
39 84
62 10
20 47
73 48
65 71
26 66
84 38
43 65
35 73
50 64
44 8
27 72
55 22
43 81
57 49
58 51
43 60
47 34
84 43
62 69
46 54
67 5
66 18
62 37
96 38
71 43
82 89
69 63
64 94
74 48
37 47
22 66
54 65
29 16
77 84
43 25
40 68
39 87
50 54
68 47
58 63
70 46
60 97
31 18
68 44
71 52
67 35
45 55
10 62
25 45
38 71
48 13
14 22
53 52
50 57
57 64
53 45
33 62
56 27
5 70
39 44
75 62
37 25
76 45
57 61
59 35
35 92
76 41
50 22
44 67
46 61
56 70
42 17
72 24
81 47
51 46
49 36
24 51
49 95
73 47
73 68
70 47
48 71
22 60
51 13
19 47
87 43
62 49
31 54
43 73
56 61
17 59
60 57
41 47
75 59
36 17
53 66
28 9
54 53
45 29
47 48
32 52
89 62
17 47
52 57
