50
37 44
25 32
21 27
22 20
3 29
30 41
10 17
25 29
42 36
25 26
23 29
15 10
20 23
36 35
42 17
1 18
33 26
11 13
28 31
28 28
37 29
21 37
40 36
23 7
23 19
21 27
15 16
49 31
33 7
41 13
25 13
22 5
15 31
46 49
36 27
25 32
31 19
20 30
32 17
39 30
21 20
29 32
9 16
33 36
37 24
19 19
22 36
19 21
1 40
12 31
7 1
18 40
42 30
16 28
26 39
41 22
17 24
17 28
13 9
28 28
24 27
24 29
29 31
25 26
33 32
8 26
39 24
23 22
29 35
30 11
38 19
14 38
31 23
18 17
41 36
27 32
36 14
14 36
22 35
31 21
36 24
20 23
30 45
21 18
22 22
5 31
18 40
25 19
34 1
33 29
8 20
25 24
33 28
24 38
25 27
35 19
19 37
36 20
25 42
14 31
